
power = 2763.07610332067
throughput = 15864.04
composite = 6620.69103841307
